[gd_scene load_steps=4 format=2]

[ext_resource path="res://res/Nature/naturePack_041.obj" type="ArrayMesh" id=1]
[ext_resource path="res://res/Ground_grass.material" type="Material" id=2]
[ext_resource path="res://res/Nature/naturePack_040.obj" type="ArrayMesh" id=3]

[node name="Spatial" type="Spatial"]

[node name="DirectionalLight" type="DirectionalLight" parent="." index="0"]

transform = Transform( 0.912046, 0.220332, -0.345869, 0, 0.843403, 0.537282, 0.410087, -0.490026, 0.769222, -11.4339, 1.72568, 1.44234 )
layers = 1
light_color = Color( 1, 1, 1, 1 )
light_energy = 1.0
light_indirect_energy = 1.0
light_negative = false
light_specular = 0.5
light_bake_mode = 1
light_cull_mask = -1
shadow_enabled = false
shadow_color = Color( 0, 0, 0, 1 )
shadow_bias = 0.1
shadow_contact = 0.0
shadow_reverse_cull_face = false
editor_only = false
directional_shadow_mode = 2
directional_shadow_split_1 = 0.1
directional_shadow_split_2 = 0.2
directional_shadow_split_3 = 0.5
directional_shadow_blend_splits = false
directional_shadow_normal_bias = 0.8
directional_shadow_bias_split_scale = 0.25
directional_shadow_depth_range = 0
directional_shadow_max_distance = 200.0

[node name="Bush" type="Spatial" parent="." index="1"]

[node name="MeshInstance" type="MeshInstance" parent="Bush" index="0"]

transform = Transform( -0.705898, 0, -0.708313, 0, 1, 0, 0.708313, 0, -0.705898, 0.940674, 0, 0 )
layers = 1
material_override = null
cast_shadow = 1
extra_cull_margin = 0.0
use_in_baked_light = false
lod_min_distance = 0.0
lod_min_hysteresis = 0.0
lod_max_distance = 0.0
lod_max_hysteresis = 0.0
mesh = ExtResource( 1 )
skeleton = NodePath("..")
material/0 = ExtResource( 2 )
_sections_unfolded = [ "material" ]

[node name="MeshInstance2" type="MeshInstance" parent="Bush" index="1"]

transform = Transform( -0.418334, 0, 0.908293, 0, 1, 0, -0.908293, 0, -0.418334, -0.84552, 0, 0 )
layers = 1
material_override = null
cast_shadow = 1
extra_cull_margin = 0.0
use_in_baked_light = false
lod_min_distance = 0.0
lod_min_hysteresis = 0.0
lod_max_distance = 0.0
lod_max_hysteresis = 0.0
mesh = ExtResource( 3 )
skeleton = NodePath("..")
material/0 = ExtResource( 2 )
_sections_unfolded = [ "Transform", "material" ]


